          HI-5                0.1                                               
                         0.0  0.00185   0.00372   0.00561   0.00752             
                    0.00945   0.01141   0.01338   0.01537   0.01739             
                    0.01942   0.02148   0.02355   0.02565   0.02777             
                    0.02991   0.03206   0.03424   0.03644   0.03866             
                    0.04090   0.04317   0.04545   0.04775   0.05007             
                    0.05242   0.05478   0.05716   0.05957   0.06200             
                    0.06444   0.06691   0.06940   0.07191   0.07443             
                    0.07698   0.07955   0.08214   0.08476   0.08739             
                    0.09004   0.09271   0.09541   0.09812   0.10085             
                    0.10361   0.10639   0.10918   0.11200   0.11484             
                    0.11769   0.12057   0.12347   0.12639   0.12933             
                    0.13229   0.13527   0.13828   0.14130   0.14434             
                    0.14741   0.15049   0.15360   0.15672   0.15987             
                    0.16304   0.16622   0.16943   0.17266   0.17591             
                    0.17918   0.18247   0.18578   0.18911   0.19246             
                    0.19583   0.19923   0.20264   0.20608   0.20953             
                    0.21301   0.21650   0.22002   0.22356   0.22711             
                    0.23069   0.23429   0.23791   0.24155   0.24521             
                    0.24889   0.25331   0.25776   0.26224   0.26677             
                    0.27133   0.27592   0.28055   0.28522   0.28993             
                    0.29467   0.29944   0.30426   0.30911   0.31399             
                    0.31891   0.32482   0.33099   0.33744   0.34414             
                    0.35112   0.35836   0.36587   0.37365   0.38169             
                    0.39000   0.39963   0.41069   0.42574   0.44719             
                    0.48576   0.55281   0.57426   0.58931   0.60037             
                    0.61000   0.61831   0.62635   0.63413   0.64164             
                    0.64888   0.65586   0.66256   0.66901   0.67518             
                    0.68109   0.68601   0.69089   0.69574   0.70056             
                    0.70533   0.71007   0.71478   0.71945   0.72408             
                    0.72867   0.73323   0.73776   0.74224   0.74669             
                    0.75111   0.75479   0.75845   0.76209   0.76571             
                    0.76931   0.77289   0.77644   0.77998   0.78350             
                    0.78699   0.79047   0.79392   0.79736   0.80077             
                    0.80417   0.80754   0.81089   0.81422   0.81753             
                    0.82082   0.82409   0.82734   0.83057   0.83378             
                    0.83696   0.84013   0.84328   0.84640   0.84951             
                    0.85259   0.85566   0.85870   0.86172   0.86473             
                    0.86771   0.87067   0.87361   0.87653   0.87943             
                    0.88231   0.88516   0.88800   0.89082   0.89361             
                    0.89639   0.89915   0.90188   0.90459   0.90729             
                    0.90996   0.91261   0.91524   0.91786   0.92045             
                    0.92302   0.92557   0.92809   0.93060   0.93309             
                    0.93556   0.93800   0.94043   0.94284   0.94522             
                    0.94758   0.94993   0.95225   0.95455   0.95683             
                    0.95910   0.96134   0.96356   0.96576   0.96794             
                    0.97009   0.97223   0.97435   0.97645   0.97852             
                    0.98058   0.98261   0.98463   0.98662   0.98859             
                    0.99055   0.99248   0.99439   0.99628   0.99815 
                    1.00            
