          Type I              0.1                                               
                    0.0       0.00174   0.00348   0.00522   0.00697
                    0.00871   0.01046   0.0122    0.01395   0.0157
                    0.01745   0.0192    0.02095   0.0227    0.02446
                    0.02621   0.02797   0.02972   0.03148   0.03324
                    0.035     0.03677   0.03858   0.04041   0.04227
                    0.04416   0.04608   0.04803   0.05001   0.05201
                    0.05405   0.05611   0.05821   0.06033   0.06248
                    0.06466   0.06687   0.06911   0.07138   0.07367
                    0.076     0.07835   0.0807    0.08307   0.08545
                    0.08784   0.09024   0.09265   0.09507   0.09751
                    0.09995   0.10241   0.10487   0.10735   0.10984
                    0.11234   0.11485   0.11737   0.1199    0.12245
                    0.125     0.12761   0.13034   0.13317   0.1361
                    0.13915   0.1423    0.14557   0.14894   0.15241
                    0.156     0.15966   0.16334   0.16706   0.17082
                    0.1746    0.17842   0.18226   0.18614   0.19006
                    0.194     0.19817   0.20275   0.20775   0.21317
                    0.219     0.22523   0.23185   0.23885   0.24623
                    0.254     0.26233   0.27139   0.28119   0.29173
                    0.303     0.31942   0.34542   0.38784   0.46316
                    0.515     0.5322    0.5476    0.5612    0.573
                    0.583     0.59188   0.60032   0.60832   0.61588
                    0.623     0.62982   0.63648   0.64298   0.64932
                    0.6555    0.66152   0.66738   0.67308   0.67862
                    0.684     0.68925   0.6944    0.69945   0.7044
                    0.70925   0.714     0.71865   0.7232    0.72765
                    0.732     0.73625   0.7404    0.74445   0.7484
                    0.75225   0.756     0.75965   0.7632    0.76665
                    0.77      0.77329   0.77656   0.77981   0.78304
                    0.78625   0.78944   0.79261   0.79576   0.79889
                    0.802     0.80509   0.80816   0.81121   0.81424
                    0.81725   0.82024   0.82321   0.82616   0.82909
                    0.832     0.83489   0.83776   0.84061   0.84344
                    0.84625   0.84904   0.85181   0.85456   0.85729
                    0.86      0.86269   0.86536   0.86801   0.87064
                    0.87325   0.87584   0.87841   0.88096   0.88349
                    0.886     0.88849   0.89096   0.89341   0.89584
                    0.89825   0.90064   0.90301   0.90536   0.90769
                    0.91      0.91229   0.91456   0.91681   0.91904
                    0.92125   0.92344   0.92561   0.92776   0.92989
                    0.932     0.93409   0.93616   0.93821   0.94024
                    0.94225   0.94424   0.94621   0.94816   0.95009
                    0.952     0.95389   0.95576   0.95761   0.95944
                    0.96125   0.96304   0.96481   0.96656   0.96829
                    0.97      0.97169   0.97336   0.97501   0.97664
                    0.97825   0.97984   0.98141   0.98296   0.98449
                    0.986     0.98749   0.98896   0.99041   0.99184
                    0.99325   0.99464   0.99601   0.99736   0.99869
                    1.0                                                         
