          SW_5                0.1
                         0.0  0.000082  0.000164  0.000253  0.000348            
                    0.000449  0.000556  0.000668  0.000787  0.000912            
                    0.00104   0.00118   0.00132   0.00147   0.00163             
                    0.00179   0.00196   0.00213   0.00231   0.00249             
                    0.00268   0.00288   0.00308   0.00329   0.00351             
                    0.00373   0.00396   0.00419   0.00443   0.00467             
                    0.00493   0.00518   0.00545   0.00572   0.00599             
                    0.00627   0.00656   0.00685   0.00715   0.00746             
                    0.00777   0.00809   0.00841   0.00874   0.00908             
                    0.00942   0.00976   0.01012   0.01048   0.01084             
                    0.01122   0.01159   0.01198   0.01237   0.01276             
                    0.01316   0.01357   0.01399   0.01440   0.01483             
                    0.01526   0.01572   0.01620   0.01670   0.01723             
                    0.01778   0.01836   0.01896   0.01958   0.02023             
                    0.02090   0.02160   0.02232   0.02307   0.02384             
                    0.02463   0.02545   0.02629   0.02715   0.02804             
                    0.02895   0.02989   0.03085   0.03184   0.03285             
                    0.03388   0.03494   0.03602   0.03713   0.03826             
                    0.03941   0.04070   0.04211   0.04365   0.04533             
                    0.04713   0.04907   0.05114   0.05333   0.05566             
                    0.05811   0.06070   0.06342   0.06627   0.06924             
                    0.07235   0.07610   0.08049   0.08552   0.09120             
                    0.09752   0.10556   0.11533   0.12683   0.14005             
                    0.15500   0.18155   0.20949   0.25105   0.31483             
                    0.44163   0.68517   0.74895   0.79051   0.81845             
                    0.84500   0.85995   0.87317   0.88467   0.89444             
                    0.90248   0.90880   0.91448   0.91951   0.92390             
                    0.92765   0.93076   0.93373   0.93658   0.93930             
                    0.94189   0.94434   0.94667   0.94886   0.95093             
                    0.95287   0.95467   0.95635   0.95789   0.95930             
                    0.96059   0.96174   0.96287   0.96398   0.96506             
                    0.96612   0.96715   0.96816   0.96915   0.97011             
                    0.97105   0.97196   0.97285   0.97371   0.97455             
                    0.97537   0.97616   0.97693   0.97768   0.97840             
                    0.97910   0.97977   0.98042   0.98104   0.98164             
                    0.98222   0.98277   0.98330   0.98380   0.98428             
                    0.98474   0.98517   0.98560   0.98601   0.98643             
                    0.98684   0.98724   0.98763   0.98802   0.98841             
                    0.98878   0.98916   0.98952   0.98988   0.99024             
                    0.99058   0.99092   0.99126   0.99159   0.99191             
                    0.99223   0.99254   0.99285   0.99315   0.99344             
                    0.99373   0.99401   0.99428   0.99455   0.99482             
                    0.99507   0.99533   0.99557   0.99581   0.99604             
                    0.99627   0.99649   0.99671   0.99692   0.99712             
                    0.99732   0.99751   0.99769   0.99787   0.99804             
                    0.99821   0.99837   0.99853   0.99868   0.99882             
                    0.99896   0.999088  0.999213  0.999332  0.999444            
                    0.999551  0.999652  0.999747  0.999836  0.999919            
                    1.0                                                         
