          SW_4                0.1
                         0.0  0.000236  0.000471  0.000714  0.000964            
                    0.00122   0.00149   0.00176   0.00204   0.00233             
                    0.00262   0.00293   0.00324   0.00356   0.00388             
                    0.00422   0.00456   0.00491   0.00526   0.00563             
                    0.00600   0.00638   0.00676   0.00716   0.00756             
                    0.00797   0.00839   0.00881   0.00924   0.00968             
                    0.01013   0.01059   0.01105   0.01152   0.01200             
                    0.01248   0.01297   0.01347   0.01398   0.01450             
                    0.01502   0.01555   0.01609   0.01664   0.01719             
                    0.01775   0.01832   0.01890   0.01948   0.02007             
                    0.02067   0.02128   0.02189   0.02251   0.02314             
                    0.02378   0.02442   0.02508   0.02574   0.02640             
                    0.02708   0.02778   0.02852   0.02929   0.03008             
                    0.03091   0.03177   0.03265   0.03357   0.03452             
                    0.03550   0.03650   0.03754   0.03861   0.03971             
                    0.04084   0.04200   0.04319   0.04441   0.04567             
                    0.04695   0.04826   0.04960   0.05097   0.05238             
                    0.05381   0.05527   0.05677   0.05829   0.05985             
                    0.06143   0.06316   0.06504   0.06706   0.06922             
                    0.07153   0.07398   0.07658   0.07932   0.08221             
                    0.08525   0.08842   0.09174   0.09521   0.09882             
                    0.10258   0.10699   0.11205   0.11777   0.12414             
                    0.13117   0.13974   0.14986   0.16153   0.17475             
                    0.18950   0.21354   0.23885   0.27642   0.33395             
                    0.44791   0.66605   0.72358   0.76115   0.78646             
                    0.81050   0.82525   0.83847   0.85014   0.86026             
                    0.86883   0.87586   0.88223   0.88795   0.89301             
                    0.89742   0.90118   0.90479   0.90826   0.91158             
                    0.91475   0.91779   0.92068   0.92342   0.92602             
                    0.92847   0.93078   0.93294   0.93496   0.93684             
                    0.93857   0.94015   0.94171   0.94323   0.94473             
                    0.94619   0.94762   0.94903   0.95040   0.95174             
                    0.95305   0.95433   0.95559   0.95681   0.95800             
                    0.95916   0.96029   0.96139   0.96246   0.96350             
                    0.96450   0.96548   0.96643   0.96735   0.96823             
                    0.96909   0.96992   0.97071   0.97148   0.97222             
                    0.97292   0.97360   0.97426   0.97492   0.97558             
                    0.97622   0.97686   0.97749   0.97811   0.97872             
                    0.97933   0.97993   0.98052   0.98110   0.98168             
                    0.98225   0.98281   0.98336   0.98391   0.98445             
                    0.98498   0.98550   0.98602   0.98653   0.98703             
                    0.98752   0.98800   0.98848   0.98895   0.98941             
                    0.98987   0.99032   0.99076   0.99119   0.99161             
                    0.99203   0.99244   0.99284   0.99324   0.99362             
                    0.99400   0.99437   0.99474   0.99509   0.99544             
                    0.99578   0.99612   0.99644   0.99676   0.99707             
                    0.99738   0.99767   0.99796   0.99824   0.99851             
                    0.99878   0.999036  0.999286  0.999529  0.999764            
                    1.0                                                         
