          N10_C               0.1                                               
                         0.0  0.000890  0.00180   0.00274   0.00369             
                    0.00467   0.00567   0.00670   0.00774   0.00881             
                    0.00990   0.01102   0.01215   0.01331   0.01449             
                    0.01569   0.01691   0.01816   0.01943   0.02072             
                    0.02204   0.02337   0.02473   0.02611   0.02751             
                    0.02894   0.03039   0.03186   0.03335   0.03486             
                    0.03640   0.03796   0.03954   0.04114   0.04277             
                    0.04442   0.04609   0.04778   0.04950   0.05123             
                    0.05299   0.05478   0.05658   0.05841   0.06026             
                    0.06213   0.06402   0.06594   0.06787   0.06984             
                    0.07182   0.07382   0.07585   0.07790   0.07997             
                    0.08207   0.08418   0.08632   0.08848   0.09067             
                    0.09287   0.09510   0.09735   0.09963   0.10192             
                    0.10424   0.10658   0.10894   0.11132   0.11373             
                    0.11616   0.11861   0.12108   0.12358   0.12610             
                    0.12864   0.13120   0.13379   0.13639   0.13902             
                    0.14168   0.14435   0.14705   0.14977   0.15251             
                    0.15527   0.15806   0.16087   0.16370   0.16655             
                    0.16942   0.17333   0.17727   0.18126   0.18530             
                    0.18938   0.19350   0.19767   0.20188   0.20614             
                    0.21044   0.21478   0.21917   0.22361   0.22809             
                    0.23261   0.23862   0.24510   0.25205   0.25948             
                    0.26738   0.27576   0.28461   0.29393   0.30373             
                    0.31400   0.32719   0.34337   0.36652   0.40112             
                    0.46925   0.59888   0.63348   0.65663   0.67281             
                    0.68600   0.69627   0.70607   0.71539   0.72424             
                    0.73262   0.74052   0.74795   0.75490   0.76138             
                    0.76739   0.77191   0.77639   0.78083   0.78522             
                    0.78956   0.79386   0.79812   0.80233   0.80650             
                    0.81062   0.81470   0.81874   0.82273   0.82667             
                    0.83058   0.83345   0.83630   0.83913   0.84194             
                    0.84473   0.84749   0.85023   0.85295   0.85565             
                    0.85832   0.86098   0.86361   0.86621   0.86880             
                    0.87136   0.87390   0.87642   0.87892   0.88139             
                    0.88384   0.88627   0.88868   0.89106   0.89342             
                    0.89576   0.89808   0.90037   0.90265   0.90490             
                    0.90713   0.90933   0.91152   0.91368   0.91582             
                    0.91793   0.92003   0.92210   0.92415   0.92618             
                    0.92818   0.93016   0.93213   0.93406   0.93598             
                    0.93787   0.93974   0.94159   0.94342   0.94522             
                    0.94701   0.94877   0.95050   0.95222   0.95391             
                    0.95558   0.95723   0.95886   0.96046   0.96204             
                    0.96360   0.96514   0.96665   0.96814   0.96961             
                    0.97106   0.97249   0.97389   0.97527   0.97663             
                    0.97796   0.97928   0.98057   0.98184   0.98309             
                    0.98431   0.98551   0.98669   0.98785   0.98898             
                    0.99010   0.99119   0.99226   0.99330   0.99433             
                    0.99533   0.99631   0.99726   0.99820   0.999110            
                    1.0                                                         
