          TX-A                0.1
                    0.0       0.00111   0.00223   0.00335   0.00449
                    0.00564   0.00679   0.00796   0.00914   0.01034
                    0.01154   0.01275   0.01398   0.01521   0.01646
                    0.01771   0.01898   0.02026   0.02155   0.02285
                    0.02416   0.02549   0.02682   0.02817   0.02952
                    0.03089   0.03227   0.03366   0.03506   0.03647
                    0.03789   0.03932   0.04077   0.04222   0.04369
                    0.04516   0.04665   0.04815   0.04966   0.05118
                    0.05271   0.05425   0.05581   0.05737   0.05895
                    0.06053   0.06213   0.06374   0.06536   0.06699
                    0.06863   0.07028   0.07195   0.07362   0.07531
                    0.077     0.07871   0.08043   0.08216   0.0839
                    0.08565   0.08744   0.08928   0.09116   0.09309
                    0.09506   0.09708   0.09913   0.10124   0.10338
                    0.10557   0.10781   0.11009   0.11241   0.11477
                    0.11718   0.11964   0.12213   0.12468   0.12726
                    0.12989   0.13256   0.13528   0.13804   0.14085
                    0.1437    0.14659   0.14952   0.15251   0.15553
                    0.1586    0.16182   0.1652    0.16873   0.17242
                    0.17626   0.18026   0.18441   0.18872   0.19318
                    0.1978    0.20257   0.2075    0.21258   0.21781
                    0.2232    0.22916   0.23568   0.24277   0.25042
                    0.25863   0.26784   0.27802   0.2892    0.30136
                    0.3145    0.33216   0.35074   0.37656   0.41299
                    0.47728   0.58701   0.62344   0.64926   0.66784
                    0.6855    0.69864   0.7108    0.72198   0.73216
                    0.74137   0.74958   0.75723   0.76432   0.77084
                    0.7768    0.78219   0.78742   0.7925    0.79743
                    0.8022    0.80682   0.81128   0.81559   0.81974
                    0.82374   0.82758   0.83127   0.8348    0.83818
                    0.8414    0.84447   0.84749   0.85048   0.85341
                    0.8563    0.85915   0.86196   0.86472   0.86744
                    0.87011   0.87274   0.87532   0.87787   0.88036
                    0.88282   0.88523   0.88759   0.88991   0.89219
                    0.89443   0.89662   0.89876   0.90087   0.90292
                    0.90494   0.90691   0.90884   0.91072   0.91256
                    0.91435   0.9161    0.91784   0.91957   0.92129
                    0.923     0.92469   0.92638   0.92805   0.92972
                    0.93137   0.93301   0.93464   0.93626   0.93787
                    0.93947   0.94105   0.94263   0.94419   0.94575
                    0.94729   0.94882   0.95034   0.95185   0.95335
                    0.95484   0.95631   0.95778   0.95923   0.96068
                    0.96211   0.96353   0.96494   0.96634   0.96773
                    0.96911   0.97048   0.97183   0.97318   0.97451
                    0.97584   0.97715   0.97845   0.97974   0.98102
                    0.98229   0.98354   0.98479   0.98602   0.98725
                    0.98846   0.98966   0.99086   0.99204   0.99321
                    0.99436   0.99551   0.99665   0.99777   0.99889
                    1.0                                                         
