          PR_VI_4             0.1                                               
                         0.0  0.00107   0.00217   0.00329   0.00444             
                    0.00562   0.00682   0.00804   0.00929   0.01057             
                    0.01187   0.01320   0.01455   0.01593   0.01734             
                    0.01877   0.02023   0.02171   0.02322   0.02475             
                    0.02631   0.02789   0.02951   0.03114   0.03280             
                    0.03449   0.03620   0.03794   0.03971   0.04150             
                    0.04331   0.04515   0.04702   0.04891   0.05083             
                    0.05278   0.05475   0.05674   0.05876   0.06081             
                    0.06288   0.06498   0.06710   0.06925   0.07143             
                    0.07363   0.07585   0.07811   0.08038   0.08269             
                    0.08501   0.08737   0.08975   0.09216   0.09459             
                    0.09704   0.09953   0.10204   0.10457   0.10713             
                    0.10971   0.11233   0.11496   0.11762   0.12031             
                    0.12303   0.12577   0.12853   0.13132   0.13414             
                    0.13698   0.13985   0.14274   0.14566   0.14860             
                    0.15157   0.15457   0.15759   0.16064   0.16371             
                    0.16681   0.16993   0.17308   0.17626   0.17946             
                    0.18269   0.18594   0.18922   0.19252   0.19585             
                    0.19920   0.20373   0.20830   0.21293   0.21760             
                    0.22233   0.22711   0.23194   0.23681   0.24174             
                    0.24673   0.25176   0.25684   0.26197   0.26716             
                    0.27239   0.27931   0.28675   0.29473   0.30325             
                    0.31229   0.32187   0.33198   0.34262   0.35379             
                    0.36550   0.37991   0.39848   0.42136   0.44906             
                    0.49055   0.55094   0.57864   0.60152   0.62009             
                    0.63450   0.64621   0.65738   0.66802   0.67813             
                    0.68771   0.69675   0.70527   0.71325   0.72069             
                    0.72761   0.73284   0.73803   0.74316   0.74824             
                    0.75327   0.75826   0.76319   0.76806   0.77289             
                    0.77767   0.78240   0.78707   0.79170   0.79627             
                    0.80080   0.80415   0.80748   0.81078   0.81406             
                    0.81731   0.82054   0.82374   0.82692   0.83007             
                    0.83319   0.83629   0.83936   0.84241   0.84543             
                    0.84843   0.85140   0.85434   0.85726   0.86015             
                    0.86302   0.86586   0.86868   0.87147   0.87423             
                    0.87697   0.87969   0.88238   0.88504   0.88767             
                    0.89029   0.89287   0.89543   0.89797   0.90047             
                    0.90296   0.90541   0.90784   0.91025   0.91263             
                    0.91499   0.91731   0.91962   0.92189   0.92415             
                    0.92637   0.92857   0.93075   0.93290   0.93502             
                    0.93712   0.93919   0.94124   0.94326   0.94525             
                    0.94722   0.94917   0.95109   0.95298   0.95485             
                    0.95669   0.95850   0.96029   0.96206   0.96380             
                    0.96551   0.96720   0.96886   0.97049   0.97211             
                    0.97369   0.97525   0.97678   0.97829   0.97977             
                    0.98123   0.98266   0.98407   0.98545   0.98680             
                    0.98813   0.98943   0.99071   0.99196   0.99318             
                    0.99438   0.99556   0.99671   0.99783   0.99893             
                    1.0                                                          



