          HI-3                0.1                                               
                         0.0  0.00105   0.00212   0.00321   0.00433             
                    0.00547   0.00663   0.00782   0.00903   0.01026             
                    0.01152   0.01280   0.01411   0.01543   0.01678             
                    0.01816   0.01956   0.02098   0.02243   0.02390             
                    0.02539   0.02690   0.02844   0.03001   0.03159             
                    0.03320   0.03484   0.03649   0.03817   0.03988             
                    0.04161   0.04336   0.04513   0.04693   0.04875             
                    0.05060   0.05247   0.05436   0.05627   0.05821             
                    0.06017   0.06216   0.06417   0.06620   0.06826             
                    0.07034   0.07244   0.07457   0.07672   0.07889             
                    0.08109   0.08331   0.08556   0.08782   0.09012             
                    0.09243   0.09477   0.09713   0.09952   0.10193             
                    0.10436   0.10681   0.10929   0.11180   0.11432             
                    0.11687   0.11945   0.12204   0.12466   0.12731             
                    0.12997   0.13267   0.13538   0.13812   0.14088             
                    0.14366   0.14647   0.14930   0.15216   0.15504             
                    0.15794   0.16087   0.16382   0.16679   0.16978             
                    0.17280   0.17585   0.17891   0.18200   0.18512             
                    0.18826   0.19245   0.19668   0.20096   0.20529             
                    0.20966   0.21408   0.21855   0.22306   0.22762             
                    0.23223   0.23688   0.24157   0.24632   0.25110             
                    0.25594   0.26228   0.26909   0.27637   0.28412             
                    0.29234   0.30103   0.31019   0.31983   0.32993             
                    0.34050   0.35372   0.37011   0.39236   0.42343             
                    0.47934   0.57657   0.60764   0.62989   0.64628             
                    0.65950   0.67007   0.68017   0.68981   0.69897             
                    0.70766   0.71588   0.72363   0.73091   0.73772             
                    0.74406   0.74890   0.75368   0.75843   0.76312             
                    0.76777   0.77238   0.77694   0.78145   0.78592             
                    0.79034   0.79471   0.79904   0.80332   0.80755             
                    0.81174   0.81488   0.81800   0.82109   0.82415             
                    0.82720   0.83022   0.83321   0.83618   0.83913             
                    0.84206   0.84496   0.84784   0.85070   0.85353             
                    0.85634   0.85912   0.86188   0.86462   0.86733             
                    0.87003   0.87269   0.87534   0.87796   0.88055             
                    0.88313   0.88568   0.88820   0.89071   0.89319             
                    0.89564   0.89807   0.90048   0.90287   0.90523             
                    0.90757   0.90988   0.91218   0.91444   0.91669             
                    0.91891   0.92111   0.92328   0.92543   0.92756             
                    0.92966   0.93174   0.93380   0.93583   0.93784             
                    0.93983   0.94179   0.94373   0.94564   0.94753             
                    0.94940   0.95125   0.95307   0.95487   0.95664             
                    0.95839   0.96012   0.96183   0.96351   0.96516             
                    0.96680   0.96841   0.96999   0.97156   0.97310             
                    0.97461   0.97610   0.97757   0.97902   0.98044             
                    0.98184   0.98322   0.98457   0.98589   0.98720             
                    0.98848   0.98974   0.99097   0.99218   0.99337             
                    0.99453   0.99567   0.99679   0.99788   0.99895             
                    1.0                                                         
