          NV_N                0.1                                               
                         0.0  0.0011    0.0022    0.0033    0.0045              
                    0.0056    0.0067    0.0079    0.0090    0.0102              
                    0.0114    0.0126    0.0137    0.0149    0.0161              
                    0.0174    0.0186    0.0198    0.0210    0.0223              
                    0.0235    0.0248    0.0261    0.0274    0.0286              
                    0.0299    0.0312    0.0325    0.0339    0.0352              
                    0.0365    0.0379    0.0392    0.0405    0.0419              
                    0.0433    0.0446    0.0460    0.0474    0.0488              
                    0.0502    0.0516    0.0530    0.0545    0.0559              
                    0.0574    0.0588    0.0603    0.0617    0.0632              
                    0.0647    0.0662    0.0677    0.0692    0.0707              
                    0.0723    0.0738    0.0753    0.0769    0.0784              
                    0.0800    0.0819    0.0838    0.0858    0.0878              
                    0.0898    0.0918    0.0939    0.0960    0.0981              
                    0.1002    0.1024    0.1046    0.1068    0.1091              
                    0.1114    0.1137    0.1160    0.1183    0.1207              
                    0.1231    0.1255    0.1279    0.1304    0.1329              
                    0.1354    0.1380    0.1406    0.1432    0.1458              
                    0.1485    0.1516    0.1548    0.1582    0.1616              
                    0.1652    0.1689    0.1727    0.1767    0.1807              
                    0.1849    0.1892    0.1936    0.1981    0.2027              
                    0.2075    0.2138    0.2205    0.2275    0.2348              
                    0.2425    0.2512    0.2604    0.2701    0.2803              
                    0.2910    0.3068    0.3234    0.3487    0.3880              
                    0.4648    0.6120    0.6513    0.6766    0.6932              
                    0.7090    0.7197    0.7299    0.7396    0.7488              
                    0.7575    0.7652    0.7725    0.7795    0.7862              
                    0.7925    0.7973    0.8019    0.8064    0.8108              
                    0.8151    0.8193    0.8233    0.8273    0.8311              
                    0.8348    0.8384    0.8418    0.8452    0.8484              
                    0.8515    0.8542    0.8568    0.8594    0.8620              
                    0.8646    0.8671    0.8696    0.8721    0.8745              
                    0.8769    0.8793    0.8817    0.8840    0.8863              
                    0.8886    0.8909    0.8932    0.8954    0.8976              
                    0.8998    0.9019    0.9040    0.9061    0.9082              
                    0.9102    0.9122    0.9142    0.9162    0.9181              
                    0.9200    0.9216    0.9231    0.9247    0.9262              
                    0.9277    0.9293    0.9308    0.9323    0.9338              
                    0.9353    0.9368    0.9383    0.9397    0.9412              
                    0.9426    0.9441    0.9455    0.9470    0.9484              
                    0.9498    0.9512    0.9526    0.9540    0.9554              
                    0.9567    0.9581    0.9595    0.9608    0.9621              
                    0.9635    0.9648    0.9661    0.9675    0.9688              
                    0.9701    0.9714    0.9726    0.9739    0.9752              
                    0.9765    0.9777    0.9790    0.9802    0.9814              
                    0.9826    0.9839    0.9851    0.9863    0.9874              
                    0.9886    0.9898    0.9910    0.9921    0.9933              
                    0.9944    0.9955    0.9967    0.9978    0.9989              
                    1.0                                                         






