          SW_3                0.1
                         0.0  0.000496  0.000995  0.00150   0.00202             
                    0.00255   0.00308   0.00363   0.00418   0.00474             
                    0.00532   0.00590   0.00649   0.00709   0.00770             
                    0.00832   0.00894   0.00958   0.01022   0.01088             
                    0.01154   0.01222   0.01290   0.01359   0.01429             
                    0.01500   0.01572   0.01645   0.01718   0.01793             
                    0.01868   0.01945   0.02022   0.02101   0.02180             
                    0.02260   0.02341   0.02423   0.02506   0.02590             
                    0.02674   0.02760   0.02846   0.02934   0.03022             
                    0.03112   0.03202   0.03293   0.03385   0.03478             
                    0.03572   0.03667   0.03762   0.03859   0.03956             
                    0.04055   0.04154   0.04255   0.04356   0.04458             
                    0.04561   0.04668   0.04778   0.04892   0.05010             
                    0.05131   0.05256   0.05385   0.05517   0.05653             
                    0.05793   0.05936   0.06083   0.06234   0.06388             
                    0.06546   0.06708   0.06873   0.07042   0.07215             
                    0.07391   0.07571   0.07755   0.07942   0.08133             
                    0.08328   0.08526   0.08728   0.08934   0.09143             
                    0.09356   0.09584   0.09827   0.10086   0.10360             
                    0.10649   0.10953   0.11272   0.11606   0.11956             
                    0.12321   0.12701   0.13096   0.13507   0.13932             
                    0.14373   0.14876   0.15442   0.16069   0.16760             
                    0.17512   0.18393   0.19402   0.20540   0.21806             
                    0.23200   0.25275   0.27459   0.30703   0.35669             
                    0.45506   0.64331   0.69297   0.72541   0.74725             
                    0.76800   0.78194   0.79460   0.80598   0.81607             
                    0.82488   0.83240   0.83931   0.84558   0.85124             
                    0.85627   0.86068   0.86493   0.86904   0.87299             
                    0.87679   0.88044   0.88394   0.88728   0.89047             
                    0.89351   0.89640   0.89914   0.90173   0.90416             
                    0.90644   0.90857   0.91066   0.91272   0.91474             
                    0.91672   0.91867   0.92058   0.92245   0.92429             
                    0.92609   0.92785   0.92958   0.93127   0.93292             
                    0.93454   0.93612   0.93766   0.93917   0.94064             
                    0.94207   0.94347   0.94483   0.94615   0.94744             
                    0.94869   0.94990   0.95108   0.95222   0.95332             
                    0.95439   0.95542   0.95644   0.95745   0.95846             
                    0.95945   0.96044   0.96141   0.96238   0.96333             
                    0.96428   0.96522   0.96615   0.96707   0.96798             
                    0.96888   0.96978   0.97066   0.97154   0.97240             
                    0.97326   0.97410   0.97494   0.97577   0.97659             
                    0.97740   0.97820   0.97899   0.97978   0.98055             
                    0.98132   0.98207   0.98282   0.98355   0.98428             
                    0.98500   0.98571   0.98641   0.98710   0.98778             
                    0.98846   0.98912   0.98978   0.99042   0.99106             
                    0.99168   0.99230   0.99291   0.99351   0.99410             
                    0.99468   0.99526   0.99582   0.99637   0.99692             
                    0.99745   0.99798   0.99850   0.999005  0.999504            
                    1.0                                                         
