          Type III            0.1                                               
                    0.0       0.001     0.002     0.003     0.004
                    0.005     0.006     0.007     0.008     0.009
                    0.010     0.011     0.012     0.013     0.014
                    0.015     0.016     0.017     0.018     0.019
                    0.020     0.02101   0.02203   0.02307   0.02412
                    0.02519   0.02627   0.02737   0.02848   0.02961
                    0.03075   0.03191   0.03308   0.03427   0.03547
                    0.03669   0.03792   0.03917   0.04043   0.04171
                    0.043     0.04431   0.04563   0.04697   0.04832
                    0.04969   0.05107   0.05247   0.05388   0.05531
                    0.05675   0.05821   0.05968   0.06117   0.06267
                    0.06419   0.06572   0.06727   0.06883   0.07041
                    0.072     0.07363   0.0753    0.07703   0.0788
                    0.08063   0.0825    0.08443   0.0864    0.08843
                    0.0905    0.09263   0.0948    0.09703   0.0993
                    0.10163   0.104     0.10643   0.1089    0.11143
                    0.114     0.11666   0.11943   0.12232   0.12532
                    0.12844   0.13167   0.13502   0.13848   0.14206
                    0.14575   0.14956   0.15348   0.15752   0.16167
                    0.16594   0.17032   0.17482   0.17943   0.18416
                    0.189     0.19402   0.19928   0.20478   0.21052
                    0.2165    0.22272   0.22918   0.23588   0.24282
                    0.25      0.25776   0.26644   0.27604   0.28656
                    0.298     0.3143    0.3394    0.3733    0.416
                    0.5       0.584     0.6267    0.6606    0.6857
                    0.702     0.71344   0.72396   0.73356   0.74224
                    0.75      0.75718   0.76412   0.77082   0.77728
                    0.7835    0.78948   0.79522   0.80072   0.80598
                    0.811     0.81584   0.82057   0.82518   0.82968
                    0.83406   0.83833   0.84248   0.84652   0.85044
                    0.85425   0.85794   0.86152   0.86498   0.86833
                    0.87156   0.87468   0.87768   0.88057   0.88334
                    0.886     0.88858   0.8911    0.89358   0.896
                    0.89838   0.9007    0.90298   0.9052    0.90738
                    0.9095    0.91158   0.9136    0.91558   0.9175
                    0.91938   0.9212    0.92298   0.9247    0.92638
                    0.928     0.92959   0.93117   0.93273   0.93428
                    0.93581   0.93733   0.93883   0.94032   0.94179
                    0.94325   0.94469   0.94612   0.94753   0.94893
                    0.95031   0.95168   0.95303   0.95437   0.95569
                    0.957     0.95829   0.95958   0.96085   0.96211
                    0.96336   0.9646    0.96582   0.96704   0.96824
                    0.96944   0.97062   0.97179   0.97295   0.9741
                    0.97523   0.97636   0.97747   0.97858   0.97967
                    0.98075   0.98182   0.98288   0.98392   0.98496
                    0.98598   0.987     0.988     0.98899   0.98997
                    0.99094   0.99189   0.99284   0.99377   0.9947
                    0.99561   0.99651   0.9974    0.99828   0.99914
                    1.0
