          SW_1                0.1
                         0.0  0.00153   0.00305   0.00457   0.00611             
                    0.00766   0.00922   0.01078   0.01236   0.01395             
                    0.01554   0.01715   0.01877   0.02039   0.02203             
                    0.02368   0.02533   0.02700   0.02867   0.03036             
                    0.03205   0.03375   0.03547   0.03719   0.03893             
                    0.04067   0.04242   0.04419   0.04596   0.04774             
                    0.04953   0.05134   0.05315   0.05497   0.05680             
                    0.05864   0.06050   0.06236   0.06423   0.06611             
                    0.06800   0.06990   0.07181   0.07373   0.07566             
                    0.07760   0.07955   0.08151   0.08347   0.08545             
                    0.08744   0.08944   0.09145   0.09346   0.09549             
                    0.09753   0.09958   0.10163   0.10370   0.10578             
                    0.10786   0.10999   0.11215   0.11436   0.11660             
                    0.11888   0.12120   0.12356   0.12596   0.12840             
                    0.13088   0.13340   0.13595   0.13855   0.14118             
                    0.14386   0.14657   0.14932   0.15211   0.15494             
                    0.15781   0.16072   0.16367   0.16665   0.16968             
                    0.17274   0.17585   0.17899   0.18218   0.18540             
                    0.18866   0.19204   0.19555   0.19918   0.20293             
                    0.20680   0.21080   0.21492   0.21916   0.22353             
                    0.22801   0.23262   0.23736   0.24221   0.24719             
                    0.25229   0.25780   0.26372   0.27006   0.27680             
                    0.28396   0.29176   0.30022   0.30934   0.31910             
                    0.32950   0.34264   0.35648   0.37697   0.40838             
                    0.47100   0.59162   0.62303   0.64352   0.65736             
                    0.67050   0.68090   0.69066   0.69978   0.70824             
                    0.71604   0.72320   0.72994   0.73628   0.74220             
                    0.74771   0.75281   0.75779   0.76264   0.76738             
                    0.77199   0.77647   0.78084   0.78508   0.78920             
                    0.79320   0.79707   0.80082   0.80445   0.80796             
                    0.81134   0.81460   0.81782   0.82101   0.82415             
                    0.82726   0.83032   0.83335   0.83633   0.83928             
                    0.84219   0.84506   0.84789   0.85068   0.85343             
                    0.85615   0.85882   0.86145   0.86405   0.86660             
                    0.86912   0.87160   0.87404   0.87644   0.87880             
                    0.88112   0.88340   0.88564   0.88785   0.89001             
                    0.89214   0.89422   0.89630   0.89837   0.90042             
                    0.90247   0.90451   0.90654   0.90855   0.91056             
                    0.91256   0.91455   0.91653   0.91849   0.92045             
                    0.92240   0.92434   0.92627   0.92819   0.93010             
                    0.93200   0.93389   0.93577   0.93764   0.93950             
                    0.94136   0.94320   0.94503   0.94685   0.94866             
                    0.95047   0.95226   0.95404   0.95581   0.95758             
                    0.95933   0.96107   0.96281   0.96453   0.96625             
                    0.96795   0.96964   0.97133   0.97300   0.97467             
                    0.97632   0.97797   0.97961   0.98123   0.98285             
                    0.98446   0.98605   0.98764   0.98922   0.99078             
                    0.99234   0.99389   0.99543   0.99695   0.99847             
                    1.0                                                         
