          N10_D               0.1       
                    0.0       0.00121   0.00244   0.00370   0.00498   
                    0.00627   0.00760   0.00894   0.01030   0.01169   
                    0.01310   0.01453   0.01598   0.01746   0.01895   
                    0.02047   0.02201   0.02357   0.02516   0.02676   
                    0.02839   0.03004   0.03171   0.03341   0.03512   
                    0.03686   0.03862   0.04040   0.04221   0.04403   
                    0.04588   0.04775   0.04964   0.05156   0.05349   
                    0.05545   0.05743   0.05943   0.06145   0.06350   
                    0.06557   0.06765   0.06977   0.07190   0.07405   
                    0.07623   0.07843   0.08065   0.08289   0.08516   
                    0.08745   0.08975   0.09209   0.09444   0.09681   
                    0.09921   0.10163   0.10407   0.10653   0.10902   
                    0.11152   0.11405   0.11660   0.11917   0.12177   
                    0.12438   0.12702   0.12968   0.13236   0.13507   
                    0.13779   0.14054   0.14331   0.14610   0.14892   
                    0.15175   0.15461   0.15749   0.16039   0.16332   
                    0.16626   0.16923   0.17222   0.17523   0.17826   
                    0.18132   0.18440   0.18749   0.19062   0.19376   
                    0.19692   0.20100   0.20512   0.20928   0.21348   
                    0.21773   0.22201   0.22634   0.23071   0.23511   
                    0.23957   0.24406   0.24859   0.25317   0.25778   
                    0.26244   0.26838   0.27470   0.28140   0.28849   
                    0.29595   0.30380   0.31203   0.32064   0.32963   
                    0.33900   0.35056   0.36433   0.38410   0.41397   
                    0.47307   0.58603   0.61590   0.63567   0.64944   
                    0.66100   0.67037   0.67936   0.68797   0.69620   
                    0.70405   0.71151   0.71860   0.72530   0.73162   
                    0.73756   0.74222   0.74683   0.75141   0.75594   
                    0.76043   0.76489   0.76929   0.77366   0.77799   
                    0.78227   0.78652   0.79072   0.79488   0.79900   
                    0.80308   0.80624   0.80938   0.81251   0.81560   
                    0.81868   0.82174   0.82477   0.82778   0.83077   
                    0.83374   0.83668   0.83961   0.84251   0.84539   
                    0.84825   0.85108   0.85390   0.85669   0.85946   
                    0.86221   0.86493   0.86764   0.87032   0.87298   
                    0.87562   0.87823   0.88083   0.88340   0.88595   
                    0.88848   0.89098   0.89347   0.89593   0.89837   
                    0.90079   0.90319   0.90556   0.90791   0.91025   
                    0.91255   0.91484   0.91711   0.91935   0.92157   
                    0.92377   0.92595   0.92810   0.93023   0.93235   
                    0.93443   0.93650   0.93855   0.94057   0.94257   
                    0.94455   0.94651   0.94844   0.95036   0.95225   
                    0.95412   0.95597   0.95779   0.95960   0.96138   
                    0.96314   0.96488   0.96659   0.96829   0.96996   
                    0.97161   0.97324   0.97484   0.97643   0.97799   
                    0.97953   0.98105   0.98254   0.98402   0.98547   
                    0.98690   0.98831   0.98970   0.99106   0.99240   
                    0.99373   0.99502   0.99630   0.99756   0.99879   
                    1.0       
