          NV_W                0.1                                               
                         0.0  0.0014    0.0028    0.0043    0.0057              
                    0.0072    0.0087    0.0101    0.0116    0.0131              
                    0.0146    0.0162    0.0177    0.0192    0.0208              
                    0.0224    0.0239    0.0255    0.0271    0.0287              
                    0.0303    0.0319    0.0336    0.0352    0.0369              
                    0.0385    0.0402    0.0419    0.0436    0.0453              
                    0.0470    0.0487    0.0505    0.0522    0.0539              
                    0.0557    0.0575    0.0593    0.0610    0.0628              
                    0.0646    0.0665    0.0683    0.0701    0.0720              
                    0.0739    0.0757    0.0776    0.0795    0.0814              
                    0.0833    0.0852    0.0872    0.0891    0.0911              
                    0.0930    0.0950    0.0970    0.0990    0.1010              
                    0.1030    0.1052    0.1075    0.1098    0.1121              
                    0.1144    0.1168    0.1192    0.1216    0.1241              
                    0.1266    0.1292    0.1317    0.1343    0.1370              
                    0.1396    0.1423    0.1450    0.1477    0.1505              
                    0.1533    0.1561    0.1590    0.1619    0.1648              
                    0.1677    0.1707    0.1738    0.1768    0.1799              
                    0.1830    0.1863    0.1898    0.1934    0.1971              
                    0.2010    0.2050    0.2091    0.2133    0.2177              
                    0.2222    0.2268    0.2315    0.2364    0.2414              
                    0.2465    0.2526    0.2591    0.2659    0.2730              
                    0.2805    0.2884    0.2968    0.3056    0.3148              
                    0.3245    0.3378    0.3518    0.3729    0.4056              
                    0.4704    0.5944    0.6271    0.6482    0.6622              
                    0.6755    0.6852    0.6944    0.7032    0.7116              
                    0.7195    0.7270    0.7341    0.7409    0.7474              
                    0.7535    0.7586    0.7636    0.7685    0.7732              
                    0.7778    0.7823    0.7867    0.7909    0.7950              
                    0.7990    0.8029    0.8066    0.8102    0.8137              
                    0.8170    0.8201    0.8232    0.8262    0.8293              
                    0.8323    0.8352    0.8381    0.8410    0.8439              
                    0.8467    0.8495    0.8523    0.8550    0.8577              
                    0.8604    0.8630    0.8657    0.8683    0.8708              
                    0.8734    0.8759    0.8784    0.8808    0.8832              
                    0.8856    0.8879    0.8902    0.8925    0.8948              
                    0.8970    0.8990    0.9010    0.9030    0.9050              
                    0.9070    0.9089    0.9109    0.9128    0.9148              
                    0.9167    0.9186    0.9205    0.9224    0.9243              
                    0.9261    0.9280    0.9299    0.9317    0.9335              
                    0.9354    0.9372    0.9390    0.9407    0.9425              
                    0.9443    0.9461    0.9478    0.9495    0.9513              
                    0.9530    0.9547    0.9564    0.9581    0.9598              
                    0.9615    0.9631    0.9648    0.9664    0.9681              
                    0.9697    0.9713    0.9729    0.9745    0.9761              
                    0.9776    0.9792    0.9808    0.9823    0.9838              
                    0.9854    0.9869    0.9884    0.9899    0.9913              
                    0.9928    0.9943    0.9957    0.9972    0.9986              
                    1.0                                                         




