          HI-6                0.1                                               
                         0.0  0.00216   0.00434   0.00654   0.00876             
                    0.01100   0.01325   0.01553   0.01782   0.02013             
                    0.02246   0.02481   0.02717   0.02956   0.03196             
                    0.03439   0.03683   0.03929   0.04177   0.04427             
                    0.04678   0.04932   0.05187   0.05444   0.05703             
                    0.05964   0.06227   0.06492   0.06758   0.07027             
                    0.07297   0.07569   0.07843   0.08119   0.08396             
                    0.08676   0.08957   0.09241   0.09526   0.09813             
                    0.10102   0.10392   0.10685   0.10979   0.11276             
                    0.11574   0.11874   0.12176   0.12480   0.12785             
                    0.13093   0.13402   0.13713   0.14027   0.14341             
                    0.14658   0.14977   0.15298   0.15620   0.15944             
                    0.16270   0.16598   0.16928   0.17260   0.17593             
                    0.17929   0.18266   0.18605   0.18946   0.19289             
                    0.19634   0.19981   0.20329   0.20680   0.21032             
                    0.21386   0.21742   0.22100   0.22459   0.22821             
                    0.23184   0.23549   0.23917   0.24286   0.24656             
                    0.25029   0.25404   0.25780   0.26158   0.26539             
                    0.26921   0.27363   0.27807   0.28256   0.28707             
                    0.29161   0.29619   0.30079   0.30543   0.31010             
                    0.31480   0.31954   0.32430   0.32909   0.33392             
                    0.33878   0.34443   0.35028   0.35634   0.36260             
                    0.36907   0.37575   0.38263   0.38971   0.39700             
                    0.40450   0.41311   0.42274   0.43573   0.45426             
                    0.48763   0.54574   0.56427   0.57726   0.58689             
                    0.59550   0.60300   0.61029   0.61737   0.62425             
                    0.63093   0.63740   0.64366   0.64972   0.65557             
                    0.66122   0.66608   0.67091   0.67570   0.68046             
                    0.68520   0.68990   0.69457   0.69921   0.70381             
                    0.70839   0.71293   0.71744   0.72193   0.72637             
                    0.73079   0.73461   0.73842   0.74220   0.74596             
                    0.74971   0.75344   0.75714   0.76083   0.76451             
                    0.76816   0.77179   0.77541   0.77900   0.78258             
                    0.78614   0.78968   0.79320   0.79671   0.80019             
                    0.80366   0.80711   0.81054   0.81395   0.81734             
                    0.82071   0.82407   0.82740   0.83072   0.83402             
                    0.83730   0.84056   0.84380   0.84702   0.85023             
                    0.85342   0.85659   0.85973   0.86287   0.86598             
                    0.86907   0.87215   0.87520   0.87824   0.88126             
                    0.88426   0.88724   0.89021   0.89315   0.89608             
                    0.89898   0.90187   0.90474   0.90759   0.91043             
                    0.91324   0.91604   0.91881   0.92157   0.92431             
                    0.92703   0.92973   0.93242   0.93508   0.93773             
                    0.94036   0.94297   0.94556   0.94813   0.95068             
                    0.95322   0.95573   0.95823   0.96071   0.96317             
                    0.96561   0.96804   0.97044   0.97283   0.97519             
                    0.97754   0.97987   0.98218   0.98447   0.98675             
                    0.98900   0.99124   0.99346   0.99566   0.99784             
                    1.0                                                         
