          AM SAMOA            0.1  
                    0.00000   0.00120   0.00230   0.00350   0.00470
                    0.00590   0.00710   0.00840   0.00960   0.01090
                    0.01220   0.01350   0.01480   0.01620   0.01750
                    0.01890   0.02030   0.02160   0.02310   0.02450
                    0.02590   0.02740   0.02890   0.03030   0.03180
                    0.03340   0.03490   0.03640   0.03800   0.03960
                    0.04120   0.04280   0.04440   0.04600   0.04770
                    0.04940   0.05100   0.05270   0.05450   0.05620
                    0.05790   0.05970   0.06150   0.06320   0.06510
                    0.06690   0.06870   0.07060   0.07240   0.07430
                    0.07620   0.07810   0.08000   0.08200   0.08390
                    0.08590   0.08790   0.08990   0.09190   0.09400
                    0.09600   0.09810   0.10010   0.10220   0.10430
                    0.10650   0.10860   0.11080   0.11290   0.11510
                    0.11730   0.11950   0.12180   0.12400   0.12630
                    0.12850   0.13080   0.13310   0.13550   0.13780
                    0.14010   0.14250   0.14490   0.14730   0.14970
                    0.15210   0.15460   0.15700   0.15950   0.16200
                    0.16450   0.16870   0.17290   0.17720   0.18150
                    0.18590   0.19030   0.19480   0.19930   0.20390
                    0.20850   0.21320   0.21800   0.22280   0.22760
                    0.23250   0.24120   0.24990   0.25860   0.26730
                    0.27600   0.28770   0.29940   0.31110   0.32280
                    0.33450   0.35470   0.37490   0.39720   0.42900
                    0.48700   0.57100   0.60280   0.62510   0.64530
                    0.66550   0.67720   0.68890   0.70060   0.71230
                    0.72400   0.73270   0.74140   0.75010   0.75880
                    0.76750   0.77240   0.77720   0.78200   0.78680
                    0.79150   0.79610   0.80070   0.80520   0.80970
                    0.81410   0.81850   0.82280   0.82710   0.83130
                    0.83550   0.83800   0.84050   0.84300   0.84540
                    0.84790   0.85030   0.85270   0.85510   0.85750
                    0.85990   0.86220   0.86450   0.86690   0.86920
                    0.87150   0.87370   0.87600   0.87820   0.88050
                    0.88270   0.88490   0.88710   0.88920   0.89140
                    0.89350   0.89570   0.89780   0.89990   0.90190
                    0.90400   0.90600   0.90810   0.91010   0.91210
                    0.91410   0.91610   0.91800   0.92000   0.92190
                    0.92380   0.92570   0.92760   0.92940   0.93130
                    0.93310   0.93490   0.93680   0.93850   0.94030
                    0.94210   0.94380   0.94550   0.94730   0.94900
                    0.95060   0.95230   0.95400   0.95560   0.95720
                    0.95880   0.96040   0.96200   0.96360   0.96510
                    0.96660   0.96820   0.96970   0.97110   0.97260
                    0.97410   0.97550   0.97690   0.97840   0.97970
                    0.98110   0.98250   0.98380   0.98520   0.98650
                    0.98780   0.98910   0.99040   0.99160   0.99290
                    0.99410   0.99530   0.99650   0.99770   0.99880
                    1.00000                                 
