          N10_B               0.1                                               
                         0.0  0.000647  0.00131   0.00200   0.00272             
                    0.00345   0.00421   0.00498   0.00578   0.00660             
                    0.00744   0.00831   0.00919   0.01010   0.01103             
                    0.01198   0.01296   0.01395   0.01497   0.01601             
                    0.01707   0.01815   0.01925   0.02038   0.02152             
                    0.02269   0.02388   0.02510   0.02633   0.02759             
                    0.02886   0.03016   0.03148   0.03283   0.03419             
                    0.03558   0.03699   0.03842   0.03987   0.04134             
                    0.04284   0.04436   0.04589   0.04746   0.04904             
                    0.05064   0.05227   0.05392   0.05559   0.05728             
                    0.05899   0.06072   0.06248   0.06426   0.06606             
                    0.06788   0.06972   0.07159   0.07348   0.07539             
                    0.07732   0.07927   0.08124   0.08324   0.08526             
                    0.08730   0.08936   0.09144   0.09355   0.09567             
                    0.09782   0.09999   0.10218   0.10440   0.10663             
                    0.10889   0.11117   0.11347   0.11579   0.11814             
                    0.12050   0.12289   0.12530   0.12773   0.13018             
                    0.13266   0.13516   0.13767   0.14021   0.14278             
                    0.14536   0.14905   0.15278   0.15655   0.16037             
                    0.16424   0.16815   0.17211   0.17611   0.18016             
                    0.18426   0.18840   0.19258   0.19681   0.20109             
                    0.20541   0.21136   0.21787   0.22494   0.23256             
                    0.24074   0.24948   0.25877   0.26863   0.27903             
                    0.29000   0.30465   0.32306   0.34936   0.38842             
                    0.46532   0.61158   0.65064   0.67694   0.69535             
                    0.71000   0.72097   0.73137   0.74123   0.75052             
                    0.75926   0.76744   0.77506   0.78213   0.78864             
                    0.79459   0.79891   0.80319   0.80742   0.81160             
                    0.81574   0.81984   0.82389   0.82789   0.83185             
                    0.83576   0.83963   0.84345   0.84722   0.85095             
                    0.85464   0.85722   0.85979   0.86233   0.86484             
                    0.86734   0.86982   0.87227   0.87470   0.87711             
                    0.87950   0.88186   0.88421   0.88653   0.88883             
                    0.89111   0.89337   0.89560   0.89782   0.90001             
                    0.90218   0.90433   0.90645   0.90856   0.91064             
                    0.91270   0.91474   0.91676   0.91876   0.92073             
                    0.92268   0.92461   0.92652   0.92841   0.93028             
                    0.93212   0.93394   0.93574   0.93752   0.93928             
                    0.94101   0.94272   0.94441   0.94608   0.94773             
                    0.94936   0.95096   0.95254   0.95411   0.95564             
                    0.95716   0.95866   0.96013   0.96158   0.96301             
                    0.96442   0.96581   0.96717   0.96852   0.96984             
                    0.97114   0.97241   0.97367   0.97490   0.97612             
                    0.97731   0.97848   0.97962   0.98075   0.98185             
                    0.98293   0.98399   0.98503   0.98605   0.98704             
                    0.98802   0.98897   0.98990   0.99081   0.99169             
                    0.99256   0.99340   0.99422   0.99502   0.99579             
                    0.99655   0.99728   0.99800   0.99869   0.999353            
                    1.0                                                         
