          PR_VI_1             0.1                                               
                         0.0  0.000353  0.000730  0.00113   0.00155             
                    0.00200   0.00247   0.00297   0.00348   0.00403             
                    0.00459   0.00518   0.00579   0.00643   0.00709             
                    0.00777   0.00848   0.00920   0.00996   0.01074             
                    0.01154   0.01236   0.01321   0.01408   0.01497             
                    0.01589   0.01683   0.01780   0.01879   0.01980             
                    0.02084   0.02189   0.02298   0.02408   0.02521             
                    0.02637   0.02755   0.02875   0.02997   0.03122             
                    0.03249   0.03378   0.03510   0.03645   0.03781             
                    0.03920   0.04061   0.04205   0.04351   0.04499             
                    0.04650   0.04803   0.04958   0.05116   0.05276             
                    0.05439   0.05603   0.05771   0.05940   0.06112             
                    0.06286   0.06463   0.06642   0.06823   0.07007             
                    0.07193   0.07381   0.07572   0.07765   0.07960             
                    0.08158   0.08358   0.08561   0.08765   0.08973             
                    0.09182   0.09394   0.09608   0.09825   0.10044             
                    0.10265   0.10489   0.10715   0.10943   0.11174             
                    0.11407   0.11643   0.11880   0.12121   0.12363             
                    0.12608   0.12996   0.13389   0.13788   0.14192             
                    0.14602   0.15017   0.15437   0.15863   0.16295             
                    0.16731   0.17174   0.17621   0.18075   0.18533             
                    0.18997   0.19683   0.20456   0.21317   0.22266             
                    0.23302   0.24426   0.25638   0.26938   0.28325             
                    0.29800   0.31804   0.34686   0.38231   0.42393             
                    0.48603   0.57607   0.61769   0.65314   0.68196             
                    0.70200   0.71675   0.73062   0.74362   0.75574             
                    0.76698   0.77734   0.78683   0.79544   0.80317             
                    0.81003   0.81467   0.81925   0.82379   0.82826             
                    0.83269   0.83705   0.84137   0.84563   0.84983             
                    0.85398   0.85808   0.86212   0.86611   0.87004             
                    0.87392   0.87637   0.87879   0.88120   0.88357             
                    0.88593   0.88826   0.89057   0.89285   0.89511             
                    0.89735   0.89956   0.90175   0.90392   0.90606             
                    0.90818   0.91027   0.91235   0.91439   0.91642             
                    0.91842   0.92040   0.92235   0.92428   0.92619             
                    0.92807   0.92993   0.93177   0.93358   0.93537             
                    0.93714   0.93888   0.94060   0.94229   0.94397             
                    0.94561   0.94724   0.94884   0.95042   0.95197             
                    0.95350   0.95501   0.95649   0.95795   0.95939             
                    0.96080   0.96219   0.96355   0.96490   0.96622             
                    0.96751   0.96878   0.97003   0.97125   0.97245             
                    0.97363   0.97479   0.97592   0.97702   0.97811             
                    0.97916   0.98020   0.98121   0.98220   0.98317             
                    0.98411   0.98503   0.98592   0.98679   0.98764             
                    0.98846   0.98926   0.99004   0.99080   0.99152             
                    0.99223   0.99291   0.99357   0.99421   0.99482             
                    0.99541   0.99597   0.99652   0.99703   0.99753             
                    0.99800   0.99845   0.99887   0.999270  0.999647            
                    1.0                                                         
