          PR_VI_3             0.1                                               
                         0.0  0.000854  0.00173   0.00264   0.00357             
                    0.00453   0.00551   0.00652   0.00755   0.00861             
                    0.00970   0.01081   0.01195   0.01311   0.01430             
                    0.01551   0.01675   0.01802   0.01931   0.02063             
                    0.02197   0.02334   0.02474   0.02616   0.02760             
                    0.02907   0.03057   0.03209   0.03364   0.03522             
                    0.03682   0.03844   0.04010   0.04177   0.04348             
                    0.04521   0.04696   0.04874   0.05055   0.05238             
                    0.05424   0.05612   0.05803   0.05997   0.06193             
                    0.06391   0.06592   0.06796   0.07003   0.07212             
                    0.07423   0.07637   0.07854   0.08073   0.08295             
                    0.08519   0.08746   0.08976   0.09208   0.09442             
                    0.09680   0.09920   0.10162   0.10407   0.10654             
                    0.10905   0.11157   0.11412   0.11670   0.11931             
                    0.12194   0.12459   0.12727   0.12998   0.13271             
                    0.13547   0.13826   0.14107   0.14390   0.14676             
                    0.14965   0.15256   0.15550   0.15847   0.16146             
                    0.16447   0.16751   0.17058   0.17367   0.17679             
                    0.17994   0.18435   0.18881   0.19332   0.19789             
                    0.20251   0.20718   0.21191   0.21669   0.22152             
                    0.22640   0.23134   0.23633   0.24138   0.24647             
                    0.25162   0.25863   0.26625   0.27449   0.28335             
                    0.29283   0.30292   0.31364   0.32498   0.33693             
                    0.34950   0.36532   0.38635   0.41221   0.44322             
                    0.48954   0.55678   0.58779   0.61365   0.63468             
                    0.65050   0.66307   0.67502   0.68636   0.69708             
                    0.70717   0.71665   0.72551   0.73375   0.74137             
                    0.74838   0.75353   0.75862   0.76367   0.76866             
                    0.77360   0.77848   0.78331   0.78809   0.79282             
                    0.79749   0.80211   0.80668   0.81119   0.81565             
                    0.82006   0.82321   0.82633   0.82942   0.83249             
                    0.83553   0.83854   0.84153   0.84450   0.84744             
                    0.85035   0.85324   0.85610   0.85893   0.86174             
                    0.86453   0.86729   0.87002   0.87273   0.87541             
                    0.87806   0.88069   0.88330   0.88588   0.88843             
                    0.89095   0.89346   0.89593   0.89838   0.90080             
                    0.90320   0.90558   0.90792   0.91024   0.91254             
                    0.91481   0.91705   0.91927   0.92146   0.92363             
                    0.92577   0.92788   0.92997   0.93204   0.93408             
                    0.93609   0.93807   0.94003   0.94197   0.94388             
                    0.94576   0.94762   0.94945   0.95126   0.95304             
                    0.95479   0.95652   0.95823   0.95990   0.96156             
                    0.96318   0.96478   0.96636   0.96791   0.96943             
                    0.97093   0.97240   0.97384   0.97526   0.97666             
                    0.97803   0.97937   0.98069   0.98198   0.98325             
                    0.98449   0.98570   0.98689   0.98805   0.98919             
                    0.99030   0.99139   0.99245   0.99348   0.99449             
                    0.99547   0.99643   0.99736   0.99827   0.999146            
                    1.0                                                         
