          NORTH PAC           0.1
                    0.00000   0.00034   0.00071   0.00110   0.00160
                    0.00210   0.00260   0.00320   0.00380   0.00440
                    0.00510   0.00580   0.00660   0.00740   0.00820
                    0.00910   0.01000   0.01100   0.01200   0.01300
                    0.01410   0.01520   0.01640   0.01760   0.01880
                    0.02010   0.02140   0.02270   0.02410   0.02550
                    0.02700   0.02850   0.03000   0.03160   0.03320
                    0.03490   0.03660   0.03830   0.04010   0.04190
                    0.04380   0.04570   0.04760   0.04960   0.05160
                    0.05360   0.05570   0.05780   0.06000   0.06220
                    0.06440   0.06670   0.06900   0.07140   0.07380
                    0.07620   0.07870   0.08120   0.08380   0.08640
                    0.08900   0.09170   0.09440   0.09710   0.09990
                    0.10270   0.10560   0.10850   0.11140   0.11440
                    0.11740   0.12050   0.12360   0.12670   0.12990
                    0.13310   0.13640   0.13970   0.14300   0.14640
                    0.14980   0.15320   0.15670   0.16020   0.16380
                    0.16740   0.17100   0.17470   0.17840   0.18220
                    0.18600   0.19030   0.19470   0.19910   0.20360
                    0.20810   0.21270   0.21730   0.22190   0.22670
                    0.23140   0.23620   0.24110   0.24600   0.25100
                    0.25600   0.26420   0.27240   0.28060   0.28880
                    0.29700   0.30790   0.31880   0.32970   0.34060
                    0.35150   0.36830   0.38510   0.40870   0.44230
                    0.48950   0.55770   0.59130   0.61490   0.63170
                    0.64850   0.65940   0.67030   0.68120   0.69210
                    0.70300   0.71120   0.71940   0.72760   0.73580
                    0.74400   0.74900   0.75400   0.75890   0.76380
                    0.76860   0.77330   0.77810   0.78270   0.78730
                    0.79190   0.79640   0.80090   0.80530   0.80970
                    0.81400   0.81780   0.82160   0.82530   0.82900
                    0.83260   0.83620   0.83980   0.84330   0.84680
                    0.85020   0.85360   0.85700   0.86030   0.86360
                    0.86690   0.87010   0.87330   0.87640   0.87950
                    0.88260   0.88560   0.88860   0.89150   0.89440
                    0.89730   0.90010   0.90290   0.90560   0.90830
                    0.91100   0.91360   0.91620   0.91880   0.92130
                    0.92380   0.92620   0.92860   0.93100   0.93330
                    0.93560   0.93780   0.94000   0.94220   0.94430
                    0.94640   0.94840   0.95040   0.95240   0.95430
                    0.95620   0.95810   0.95990   0.96170   0.96340
                    0.96510   0.96680   0.96840   0.97000   0.97150
                    0.97300   0.97450   0.97590   0.97730   0.97860
                    0.97990   0.98120   0.98240   0.98360   0.98480
                    0.98590   0.98700   0.98800   0.98900   0.99000
                    0.99090   0.99180   0.99260   0.99340   0.99420
                    0.99490   0.99560   0.99620   0.99680   0.99740
                    0.99790   0.99840   0.99890   0.99929   0.99966
                    1.00000
