          1_ND                0.1                                  
                    0.0       0.00039   0.00081   0.00125   0.00170
                    0.00218   0.00260   0.00319   0.00319   0.00373
                    0.00429   0.00486   0.00546   0.00608   0.00672
                    0.00738   0.00806   0.00876   0.00948   0.01022
                    0.01099   0.01177   0.01257   0.01339   0.01424
                    0.01510   0.01598   0.01689   0.01781   0.01876
                    0.01972   0.02071   0.02171   0.02274   0.02379
                    0.02485   0.02594   0.02705   0.02818   0.02933
                    0.03049   0.03168   0.03289   0.03412   0.03537
                    0.03665   0.03794   0.03925   0.04058   0.04193
                    0.04331   0.04470   0.04611   0.04755   0.04900
                    0.05047   0.05197   0.05348   0.05502   0.05658
                    0.05815   0.05975   0.06137   0.06300   0.06466
                    0.06634   0.06804   0.06976   0.07150   0.07326
                    0.07504   0.07684   0.07866   0.08050   0.08236
                    0.08424   0.08615   0.08807   0.09001   0.09198
                    0.09396   0.09597   0.09799   0.10004   0.10210
                    0.10419   0.10629   0.10842   0.11057   0.11273
                    0.11492   0.11713   0.12049   0.12390   0.12735
                    0.13084   0.13439   0.13797   0.14161   0.14528
                    0.14901   0.15278   0.15659   0.16045   0.16435
                    0.16830   0.17230   0.17805   0.18447   0.19154
                    0.19927   0.20766   0.21671   0.22642   0.23679
                    0.24781   0.25950   0.27599   0.29725   0.32758
                    0.37232   0.46036   0.62768   0.67242   0.70275
                    0.72401   0.74050   0.75219   0.76321   0.77358
                    0.78329   0.79234   0.80073   0.80846   0.81553
                    0.82195   0.82770   0.83170   0.83565   0.83955
                    0.84341   0.84722   0.85099   0.85471   0.85839
                    0.86203   0.86561   0.86916   0.87265   0.87610
                    0.87951   0.88287   0.88508   0.88727   0.88943
                    0.89158   0.89371   0.89581   0.89790   0.89996
                    0.90201   0.90403   0.90604   0.90802   0.90999
                    0.91193   0.91385   0.91576   0.91764   0.91950
                    0.92134   0.92316   0.92496   0.92674   0.92850
                    0.93024   0.93196   0.93366   0.93534   0.93700
                    0.93863   0.94025   0.94185   0.94342   0.94498
                    0.94652   0.94803   0.94953   0.95100   0.95245
                    0.95389   0.95530   0.95669   0.95807   0.95942
                    0.96075   0.96206   0.96335   0.96463   0.96588
                    0.96711   0.96832   0.96951   0.97067   0.97182
                    0.97295   0.97406   0.97515   0.97621   0.97726
                    0.97829   0.97929   0.98028   0.98124   0.98219
                    0.98311   0.98402   0.98490   0.98576   0.98661
                    0.98743   0.98823   0.98901   0.98978   0.99052
                    0.99124   0.99194   0.99262   0.99328   0.99392
                    0.99454   0.99454   0.99454   0.99454   0.99733
                    0.99782   0.99830   0.99875   0.99919   0.99961
                    1.0                                            
