          SW_2                0.1
                          0.0  0.000905  0.00181   0.00272   0.00364             
                    0.00457   0.00551   0.00646   0.00742   0.00839             
                    0.00937   0.01036   0.01136   0.01237   0.01339             
                    0.01442   0.01546   0.01651   0.01757   0.01864             
                    0.01972   0.02081   0.02191   0.02302   0.02414             
                    0.02527   0.02641   0.02757   0.02873   0.02990             
                    0.03108   0.03227   0.03347   0.03468   0.03590             
                    0.03713   0.03837   0.03962   0.04088   0.04215             
                    0.04343   0.04472   0.04602   0.04733   0.04865             
                    0.04998   0.05132   0.05267   0.05403   0.05540             
                    0.05679   0.05818   0.05958   0.06099   0.06241             
                    0.06384   0.06528   0.06673   0.06819   0.06966             
                    0.07114   0.07266   0.07422   0.07582   0.07746             
                    0.07914   0.08086   0.08262   0.08442   0.08626             
                    0.08814   0.09007   0.09203   0.09403   0.09607             
                    0.09815   0.10027   0.10243   0.10463   0.10687             
                    0.10915   0.11147   0.11383   0.11623   0.11867             
                    0.12115   0.12367   0.12623   0.12883   0.13148             
                    0.13416   0.13698   0.13995   0.14307   0.14634             
                    0.14974   0.15330   0.15700   0.16084   0.16484             
                    0.16897   0.17326   0.17768   0.18226   0.18698             
                    0.19184   0.19725   0.20321   0.20971   0.21675             
                    0.22434   0.23291   0.24246   0.25299   0.26451             
                    0.27700   0.29417   0.31225   0.33915   0.38042             
                    0.46237   0.61958   0.66085   0.68775   0.70583             
                    0.72300   0.73549   0.74701   0.75754   0.76709             
                    0.77566   0.78325   0.79029   0.79679   0.80275             
                    0.80816   0.81302   0.81774   0.82232   0.82674             
                    0.83103   0.83516   0.83916   0.84300   0.84670             
                    0.85026   0.85366   0.85693   0.86005   0.86302             
                    0.86584   0.86852   0.87117   0.87377   0.87633             
                    0.87885   0.88133   0.88377   0.88617   0.88853             
                    0.89085   0.89313   0.89537   0.89757   0.89973             
                    0.90185   0.90393   0.90597   0.90797   0.90993             
                    0.91186   0.91374   0.91558   0.91738   0.91914             
                    0.92086   0.92254   0.92418   0.92578   0.92734             
                    0.92886   0.93034   0.93181   0.93327   0.93472             
                    0.93616   0.93759   0.93901   0.94042   0.94182             
                    0.94321   0.94460   0.94597   0.94733   0.94868             
                    0.95002   0.95135   0.95267   0.95398   0.95528             
                    0.95657   0.95785   0.95912   0.96038   0.96163             
                    0.96287   0.96410   0.96532   0.96653   0.96773             
                    0.96892   0.97010   0.97127   0.97243   0.97359             
                    0.97473   0.97586   0.97698   0.97809   0.97919             
                    0.98028   0.98136   0.98243   0.98349   0.98454             
                    0.98558   0.98661   0.98763   0.98864   0.98964             
                    0.99063   0.99161   0.99258   0.99354   0.99449             
                    0.99543   0.99636   0.99728   0.99819   0.999095            
                    1.0                                                         
