          TX-D                0.1
                    0.0       0.00042   0.00083   0.00126   0.00169   
                    0.00213   0.00258   0.00304   0.00351   0.00398   
                    0.00446   0.00496   0.00545   0.00596   0.00648   
                    0.00700   0.00754   0.00808   0.00863   0.00919   
                    0.00975   0.01033   0.01091   0.01150   0.01210   
                    0.01271   0.01333   0.01395   0.01459   0.01523   
                    0.01588   0.01654   0.01720   0.01788   0.01856   
                    0.01925   0.01995   0.02066   0.02138   0.02211   
                    0.02284   0.02358   0.02433   0.02509   0.02586   
                    0.02663   0.02742   0.02821   0.02901   0.02982   
                    0.03064   0.03146   0.03230   0.03314   0.03399   
                    0.03485   0.03572   0.03659   0.03748   0.03837   
                    0.03927   0.04020   0.04117   0.04217   0.04321   
                    0.04428   0.04538   0.04651   0.04768   0.04888   
                    0.05012   0.05139   0.05269   0.05403   0.05540   
                    0.05680   0.05823   0.05970   0.06121   0.06274   
                    0.06431   0.06592   0.06755   0.06922   0.07093   
                    0.07266   0.07443   0.07624   0.07808   0.07995   
                    0.08185   0.08390   0.08609   0.08842   0.09090   
                    0.09351   0.09627   0.09918   0.10222   0.10541   
                    0.10874   0.11221   0.11583   0.11959   0.12349   
                    0.12753   0.13217   0.13741   0.14325   0.14968   
                    0.15670   0.16501   0.17459   0.18545   0.19759   
                    0.21100   0.23142   0.25292   0.28566   0.33747   
                    0.44537   0.66253   0.71434   0.74708   0.76858   
                    0.78900   0.80241   0.81455   0.82541   0.83499   
                    0.84330   0.85032   0.85675   0.86259   0.86783   
                    0.87247   0.87651   0.88041   0.88417   0.88779   
                    0.89126   0.89459   0.89778   0.90082   0.90373   
                    0.90649   0.90910   0.91158   0.91391   0.91610   
                    0.91815   0.92005   0.92192   0.92376   0.92557   
                    0.92734   0.92907   0.93078   0.93245   0.93408   
                    0.93569   0.93726   0.93879   0.94030   0.94177   
                    0.94320   0.94460   0.94597   0.94731   0.94861   
                    0.94988   0.95112   0.95232   0.95349   0.95462   
                    0.95572   0.95679   0.95783   0.95883   0.95980   
                    0.96073   0.96163   0.96252   0.96341   0.96428   
                    0.96515   0.96601   0.96686   0.96770   0.96854   
                    0.96936   0.97018   0.97099   0.97179   0.97258   
                    0.97337   0.97414   0.97491   0.97567   0.97642   
                    0.97716   0.97789   0.97862   0.97934   0.98005   
                    0.98075   0.98144   0.98212   0.98280   0.98346   
                    0.98412   0.98477   0.98541   0.98605   0.98667   
                    0.98729   0.98790   0.98850   0.98909   0.98967   
                    0.99025   0.99081   0.99137   0.99192   0.99246   
                    0.99300   0.99352   0.99404   0.99455   0.99505   
                    0.99554   0.99602   0.99649   0.99696   0.99742   
                    0.99787   0.99831   0.99874   0.999166  0.99958 
                    1.0                                                         
