          HI-4                0.1                                               
                         0.0  0.00134   0.00271   0.00409   0.00550             
                    0.00694   0.00839   0.00987   0.01138   0.01290             
                    0.01445   0.01602   0.01761   0.01923   0.02087             
                    0.02253   0.02421   0.02592   0.02765   0.02940             
                    0.03118   0.03298   0.03480   0.03664   0.03851             
                    0.04040   0.04231   0.04425   0.04621   0.04819             
                    0.05019   0.05222   0.05427   0.05634   0.05844             
                    0.06056   0.06270   0.06486   0.06705   0.06926             
                    0.07149   0.07375   0.07603   0.07833   0.08065             
                    0.08300   0.08537   0.08776   0.09018   0.09262             
                    0.09508   0.09756   0.10007   0.10260   0.10515             
                    0.10773   0.11033   0.11295   0.11559   0.11826             
                    0.12095   0.12366   0.12640   0.12915   0.13194             
                    0.13474   0.13757   0.14042   0.14329   0.14618             
                    0.14910   0.15204   0.15501   0.15799   0.16100             
                    0.16403   0.16709   0.17017   0.17327   0.17639             
                    0.17954   0.18271   0.18590   0.18912   0.19235             
                    0.19561   0.19890   0.20220   0.20553   0.20889             
                    0.21226   0.21657   0.22093   0.22533   0.22977             
                    0.23425   0.23878   0.24335   0.24796   0.25262             
                    0.25732   0.26206   0.26684   0.27167   0.27654             
                    0.28146   0.28768   0.29429   0.30128   0.30865             
                    0.31642   0.32456   0.33309   0.34201   0.35131             
                    0.36100   0.37274   0.38687   0.40609   0.43316             
                    0.48192   0.56684   0.59391   0.61313   0.62726             
                    0.63900   0.64869   0.65799   0.66691   0.67544             
                    0.68358   0.69135   0.69872   0.70571   0.71232             
                    0.71854   0.72346   0.72833   0.73316   0.73794             
                    0.74268   0.74738   0.75204   0.75665   0.76122             
                    0.76575   0.77023   0.77467   0.77907   0.78343             
                    0.78774   0.79111   0.79447   0.79780   0.80110             
                    0.80439   0.80765   0.81088   0.81410   0.81729             
                    0.82046   0.82361   0.82673   0.82983   0.83291             
                    0.83597   0.83900   0.84201   0.84499   0.84796             
                    0.85090   0.85382   0.85671   0.85958   0.86243             
                    0.86526   0.86806   0.87085   0.87360   0.87634             
                    0.87905   0.88174   0.88441   0.88705   0.88967             
                    0.89227   0.89485   0.89740   0.89993   0.90244             
                    0.90492   0.90738   0.90982   0.91224   0.91463             
                    0.91700   0.91935   0.92167   0.92397   0.92625             
                    0.92851   0.93074   0.93295   0.93514   0.93730             
                    0.93944   0.94156   0.94366   0.94573   0.94778             
                    0.94981   0.95181   0.95379   0.95575   0.95769             
                    0.95960   0.96149   0.96336   0.96520   0.96702             
                    0.96882   0.97060   0.97235   0.97408   0.97579             
                    0.97747   0.97913   0.98077   0.98239   0.98398             
                    0.98555   0.98710   0.98862   0.99013   0.99161             
                    0.99306   0.99450   0.99591   0.99729   0.99866             
                    1.0                                                         
