          HI-1                0.1                                               
                         0.0  0.000517  0.00106   0.00162   0.00220             
                    0.00281   0.00344   0.00409   0.00476   0.00546             
                    0.00618   0.00692   0.00768   0.00847   0.00927             
                    0.01011   0.01096   0.01183   0.01273   0.01365             
                    0.01459   0.01556   0.01655   0.01756   0.01859             
                    0.01964   0.02072   0.02182   0.02294   0.02409             
                    0.02525   0.02644   0.02765   0.02889   0.03014             
                    0.03142   0.03272   0.03405   0.03539   0.03676             
                    0.03815   0.03957   0.04100   0.04246   0.04394             
                    0.04544   0.04697   0.04852   0.05009   0.05168             
                    0.05330   0.05493   0.05659   0.05828   0.05998             
                    0.06171   0.06346   0.06523   0.06702   0.06884             
                    0.07068   0.07254   0.07442   0.07633   0.07826             
                    0.08021   0.08219   0.08418   0.08620   0.08824             
                    0.09030   0.09239   0.09450   0.09663   0.09878             
                    0.10096   0.10315   0.10538   0.10762   0.10988             
                    0.11217   0.11448   0.11681   0.11917   0.12154             
                    0.12394   0.12637   0.12881   0.13128   0.13377             
                    0.13628   0.14001   0.14379   0.14762   0.15150             
                    0.15543   0.15941   0.16343   0.16751   0.17163             
                    0.17580   0.18003   0.18430   0.18861   0.19298             
                    0.19740   0.20366   0.21058   0.21817   0.22643             
                    0.23536   0.24496   0.25522   0.26614   0.27774             
                    0.29000   0.30660   0.32843   0.35806   0.39891             
                    0.47260   0.60109   0.64194   0.67157   0.69340             
                    0.71000   0.72226   0.73386   0.74478   0.75504             
                    0.76464   0.77357   0.78183   0.78942   0.79634             
                    0.80260   0.80702   0.81139   0.81570   0.81997             
                    0.82420   0.82837   0.83249   0.83657   0.84059             
                    0.84457   0.84850   0.85238   0.85621   0.85999             
                    0.86372   0.86623   0.86872   0.87119   0.87363             
                    0.87606   0.87846   0.88083   0.88319   0.88552             
                    0.88783   0.89012   0.89238   0.89462   0.89685             
                    0.89904   0.90122   0.90337   0.90550   0.90761             
                    0.90970   0.91176   0.91380   0.91582   0.91781             
                    0.91979   0.92174   0.92367   0.92558   0.92746             
                    0.92932   0.93116   0.93298   0.93477   0.93654             
                    0.93829   0.94002   0.94172   0.94341   0.94507             
                    0.94670   0.94832   0.94991   0.95148   0.95303             
                    0.95456   0.95606   0.95754   0.95900   0.96043             
                    0.96185   0.96324   0.96461   0.96595   0.96728             
                    0.96858   0.96986   0.97111   0.97235   0.97356             
                    0.97475   0.97591   0.97706   0.97818   0.97928             
                    0.98036   0.98141   0.98244   0.98345   0.98444             
                    0.98541   0.98635   0.98727   0.98817   0.98904             
                    0.98989   0.99073   0.99153   0.99232   0.99308             
                    0.99382   0.99454   0.99524   0.99591   0.99656             
                    0.99719   0.99780   0.99838   0.99894   0.999483            
                    1.0                                                         

