          PR_VI_2             0.1                                               
                         0.0  0.000560  0.00115   0.00176   0.00239             
                    0.00305   0.00373   0.00444   0.00518   0.00594             
                    0.00672   0.00753   0.00837   0.00922   0.01011             
                    0.01102   0.01195   0.01291   0.01389   0.01490             
                    0.01593   0.01699   0.01807   0.01918   0.02031             
                    0.02147   0.02265   0.02386   0.02509   0.02635             
                    0.02763   0.02894   0.03027   0.03163   0.03301             
                    0.03442   0.03585   0.03730   0.03878   0.04029             
                    0.04182   0.04338   0.04496   0.04656   0.04819             
                    0.04985   0.05153   0.05323   0.05496   0.05672             
                    0.05850   0.06030   0.06213   0.06399   0.06587             
                    0.06777   0.06970   0.07165   0.07363   0.07563             
                    0.07766   0.07972   0.08179   0.08390   0.08603             
                    0.08818   0.09036   0.09256   0.09479   0.09704             
                    0.09932   0.10162   0.10395   0.10630   0.10868             
                    0.11108   0.11350   0.11596   0.11843   0.12093             
                    0.12346   0.12601   0.12859   0.13119   0.13381             
                    0.13646   0.13914   0.14184   0.14457   0.14732             
                    0.15009   0.15424   0.15844   0.16270   0.16701             
                    0.17138   0.17580   0.18028   0.18481   0.18940             
                    0.19404   0.19873   0.20348   0.20828   0.21314             
                    0.21805   0.22504   0.23279   0.24129   0.25055             
                    0.26056   0.27134   0.28287   0.29515   0.30820             
                    0.32200   0.34006   0.36514   0.39603   0.43269             
                    0.48755   0.56731   0.60397   0.63486   0.65994             
                    0.67800   0.69180   0.70485   0.71713   0.72866             
                    0.73944   0.74945   0.75871   0.76721   0.77496             
                    0.78195   0.78686   0.79172   0.79652   0.80127             
                    0.80596   0.81060   0.81519   0.81972   0.82420             
                    0.82862   0.83299   0.83730   0.84156   0.84576             
                    0.84991   0.85268   0.85543   0.85816   0.86086             
                    0.86354   0.86619   0.86881   0.87141   0.87399             
                    0.87654   0.87907   0.88157   0.88404   0.88650             
                    0.88892   0.89132   0.89370   0.89605   0.89838             
                    0.90068   0.90296   0.90521   0.90744   0.90964             
                    0.91182   0.91397   0.91610   0.91821   0.92028             
                    0.92234   0.92437   0.92637   0.92835   0.93030             
                    0.93223   0.93413   0.93601   0.93787   0.93970             
                    0.94150   0.94328   0.94504   0.94677   0.94847             
                    0.95015   0.95181   0.95344   0.95504   0.95662             
                    0.95818   0.95971   0.96122   0.96270   0.96415             
                    0.96558   0.96699   0.96837   0.96973   0.97106             
                    0.97237   0.97365   0.97491   0.97614   0.97735             
                    0.97853   0.97969   0.98082   0.98193   0.98301             
                    0.98407   0.98510   0.98611   0.98709   0.98805             
                    0.98898   0.98989   0.99078   0.99163   0.99247             
                    0.99328   0.99406   0.99482   0.99556   0.99627             
                    0.99695   0.99761   0.99824   0.99885   0.999440            
                    1.0                                                         
