          HI-2                0.1                                               
                         0.0  0.000783  0.00159   0.00242   0.00327             
                    0.00415   0.00505   0.00598   0.00692   0.00789             
                    0.00889   0.00991   0.01095   0.01201   0.01310             
                    0.01421   0.01535   0.01650   0.01769   0.01889             
                    0.02012   0.02137   0.02265   0.02395   0.02527             
                    0.02662   0.02799   0.02938   0.03080   0.03224             
                    0.03370   0.03519   0.03670   0.03823   0.03979             
                    0.04137   0.04297   0.04460   0.04625   0.04792             
                    0.04962   0.05134   0.05309   0.05486   0.05665             
                    0.05846   0.06030   0.06216   0.06405   0.06596             
                    0.06789   0.06984   0.07182   0.07383   0.07585             
                    0.07790   0.07997   0.08207   0.08419   0.08633             
                    0.08850   0.09069   0.09290   0.09514   0.09740             
                    0.09969   0.10199   0.10432   0.10668   0.10906             
                    0.11146   0.11388   0.11633   0.11880   0.12130             
                    0.12382   0.12636   0.12892   0.13151   0.13412             
                    0.13676   0.13942   0.14210   0.14481   0.14754             
                    0.15029   0.15307   0.15587   0.15869   0.16154             
                    0.16441   0.16842   0.17249   0.17660   0.18076             
                    0.18496   0.18922   0.19352   0.19787   0.20227             
                    0.20672   0.21122   0.21576   0.22036   0.22500             
                    0.22968   0.23605   0.24298   0.25046   0.25850             
                    0.26711   0.27627   0.28599   0.29627   0.30710             
                    0.31850   0.33323   0.35203   0.37753   0.41288             
                    0.47649   0.58712   0.62247   0.64797   0.66677             
                    0.68150   0.69290   0.70373   0.71401   0.72373             
                    0.73289   0.74150   0.74954   0.75702   0.76395             
                    0.77032   0.77500   0.77964   0.78424   0.78878             
                    0.79328   0.79773   0.80213   0.80648   0.81078             
                    0.81504   0.81924   0.82340   0.82751   0.83158             
                    0.83559   0.83846   0.84131   0.84413   0.84693             
                    0.84971   0.85246   0.85519   0.85790   0.86058             
                    0.86324   0.86588   0.86849   0.87108   0.87364             
                    0.87618   0.87870   0.88120   0.88367   0.88612             
                    0.88854   0.89094   0.89332   0.89568   0.89801             
                    0.90031   0.90260   0.90486   0.90710   0.90931             
                    0.91150   0.91367   0.91581   0.91793   0.92003             
                    0.92210   0.92415   0.92617   0.92818   0.93016             
                    0.93211   0.93404   0.93595   0.93784   0.93970             
                    0.94154   0.94335   0.94514   0.94691   0.94866             
                    0.95038   0.95208   0.95375   0.95540   0.95703             
                    0.95863   0.96021   0.96177   0.96330   0.96481             
                    0.96630   0.96776   0.96920   0.97062   0.97201             
                    0.97338   0.97473   0.97605   0.97735   0.97863             
                    0.97988   0.98111   0.98231   0.98350   0.98465             
                    0.98579   0.98690   0.98799   0.98905   0.99009             
                    0.99111   0.99211   0.99308   0.99402   0.99495             
                    0.99585   0.99673   0.99758   0.99841   0.999217            
                    1.0                                                         
