          TX-C                0.1
                        0.0   0.00059   0.00117   0.00176   0.00236   
                    0.00297   0.00359   0.00422   0.00486   0.00551   
                    0.00616   0.00683   0.00751   0.00819   0.00889   
                    0.00959   0.01031   0.01103   0.01176   0.01251   
                    0.01326   0.01402   0.01479   0.01557   0.01636   
                    0.01716   0.01797   0.01879   0.01962   0.02045   
                    0.02130   0.02216   0.02302   0.02390   0.02478   
                    0.02568   0.02658   0.02750   0.02842   0.02935   
                    0.03030   0.03125   0.03221   0.03318   0.03416   
                    0.03515   0.03615   0.03716   0.03817   0.03920   
                    0.04024   0.04129   0.04234   0.04341   0.04448   
                    0.04557   0.04666   0.04777   0.04888   0.05000   
                    0.05113   0.05231   0.05351   0.05476   0.05604   
                    0.05737   0.05873   0.06012   0.06156   0.06304   
                    0.06455   0.06610   0.06769   0.06931   0.07098   
                    0.07268   0.07442   0.07620   0.07802   0.07987   
                    0.08176   0.08369   0.08566   0.08767   0.08971   
                    0.09180   0.09392   0.09607   0.09827   0.10051   
                    0.10278   0.10520   0.10779   0.11052   0.11341   
                    0.11645   0.11965   0.12300   0.12650   0.13016   
                    0.13397   0.13794   0.14206   0.14633   0.15076   
                    0.15535   0.16055   0.16637   0.17282   0.17989   
                    0.18758   0.19653   0.20676   0.21825   0.23100   
                    0.24500   0.26573   0.28756   0.31938   0.36717   
                    0.45971   0.63283   0.68062   0.71244   0.73427   
                    0.75500   0.76900   0.78175   0.79324   0.80347   
                    0.81242   0.82011   0.82718   0.83363   0.83945   
                    0.84465   0.84924   0.85367   0.85794   0.86206   
                    0.86603   0.86984   0.87350   0.87700   0.88035   
                    0.88355   0.88659   0.88948   0.89221   0.89480   
                    0.89722   0.89949   0.90173   0.90393   0.90608   
                    0.90820   0.91029   0.91233   0.91434   0.91631   
                    0.91824   0.92013   0.92198   0.92380   0.92558   
                    0.92732   0.92902   0.93069   0.93231   0.93390   
                    0.93545   0.93696   0.93844   0.93988   0.94127   
                    0.94263   0.94396   0.94524   0.94649   0.94769   
                    0.94887   0.95000   0.95112   0.95223   0.95334   
                    0.95443   0.95552   0.95659   0.95766   0.95871   
                    0.95976   0.96080   0.96183   0.96284   0.96385   
                    0.96485   0.96584   0.96682   0.96779   0.96875   
                    0.96970   0.97065   0.97158   0.97250   0.97342   
                    0.97432   0.97522   0.97610   0.97698   0.97784   
                    0.97870   0.97955   0.98038   0.98121   0.98203   
                    0.98284   0.98364   0.98443   0.98521   0.98598   
                    0.98674   0.98749   0.98824   0.98897   0.98969   
                    0.99041   0.99111   0.99181   0.99249   0.99317   
                    0.99384   0.99449   0.99514   0.99578   0.99641   
                    0.99703   0.99764   0.99824   0.99883   0.99941                    
                    1.0                                                         
